_C_10c2_5915455c_13 84 0 118 0 0 61726d29 0 4e6f416c 0 72636828 0 6d536561 0 416c6172 0 2d202d3e 0 31353e2d 0 2d2d3c 0 0 
_C_10c2_5915455c_7 84 0 118 0 0 72526567 0 292d3e57 0 6d697373 0 524f4d28 0 61746368 0 202d3e4d 0 333e2d2d 0 2d2d3c 0 0 
_C_10c2_5915455c_11 84 0 118 0 0 69737329 0 6368286d 0 53656172 0 6c61726d 0 202d3e41 0 333e2d2d 0 2d2d3c31 0 0 0 0 
_C_10c2_5915455c_4 8c 0 c8 0 0 68657265 0 61742d20 0 6f70202d 0 6e207374 0 6174696f 0 696d756c 0 73 
_C_10c2_5915455c_6 84 0 118 0 0 64526567 0 292d3e52 0 28686974 0 64524f4d 0 202d3e52 0 323e2d2d 0 2d2d3c 0 0 0 0 
_C_10c2_5915455c_15 84 0 118 0 0 61726d29 0 5428416c 0 436f6e76 0 4f4d2d3e 0 6b697052 0 202d3e53 0 363e2d2d 0 2d2d3c31 0 0 
_C_10c2_5915455c_d 84 0 118 0 0 56444429 0 6f707928 0 292d3e43 0 28686974 0 68524f4d 0 4d617463 0 2d202d3e 0 3c393e2d 0 2d2d 
_C_10c2_5915455c_10 84 0 118 0 0 50504d29 0 616c6c28 0 3e526563 0 524f4d2d 0 536b6970 0 2d202d3e 0 31323e2d 0 2d2d3c 0 0 
_C_10c2_5915455c_a 84 0 118 0 0 6450504d 0 292d3e52 0 28686974 0 68524f4d 0 4d617463 0 2d202d3e 0 3c363e2d 0 2d2d 0 0 
_C_10c2_5915455c_1 8c 0 148 0 0 25303448 0 3034685f 0 34485f25 0 485f2530 0 68253034 0 20363427 0 305d203d 0 36333a20 0 6f64655b 0 4f4d2043 0 52 
_C_10c2_5915455c_b 84 0 118 0 0 61726d29 0 6e6f416c 0 5644442c 0 6e765428 0 2d3e436f 0 536b6970 0 2d202d3e 0 3c373e2d 0 2d2d 
_C_10c2_5915455c_8 84 0 118 0 0 68697429 0 524f4d28 0 61726368 0 2d3e5365 0 3e2d2d20 0 2d2d3c34 0 0 0 0 0 0 
_C_10c2_5915455c_17 84 0 118 0 0 6450504d 0 292d3e52 0 28686974 0 68524f4d 0 4d617463 0 2d202d3e 0 31383e2d 0 2d2d3c 0 0 
_C_10c2_5915455c_2 8c 0 d0 0 0 68657265 0 726f6d20 0 72742066 0 20737461 0 74696f6e 0 6d756c61 0 7369 
_C_10c2_5915455c_14 84 0 8 0 0 ec 
_C_10c2_5915455c_c 84 0 118 0 0 6c61726d 0 53657441 0 50504d2c 0 6e76542c 0 2d3e436f 0 536b6970 0 2d202d3e 0 3c383e2d 0 2d2d 
_C_10c2_5915455c_1a 84 0 118 0 0 65727229 0 28637263 0 70524f4d 0 53657475 0 2d202d3e 0 32313e2d 0 2d2d3c 0 0 0 0 
_C_10c2_5915455c_12 84 0 118 0 0 61726d29 0 6c72416c 0 76542843 0 3e436f6e 0 6b69702d 0 202d3e53 0 343e2d2d 0 2d2d3c31 0 0 
_C_10c2_5915455c_19 84 0 118 0 0 6450504d 0 292d3e52 0 28686974 0 68524f4d 0 4d617463 0 2d202d3e 0 32303e2d 0 2d2d3c 0 0 
_C_10c2_5915455c_9 84 0 118 0 0 69737329 0 4f4d286d 0 72636852 0 3e536561 0 2d2d202d 0 2d3c353e 0 2d 0 0 0 0 
_C_10c2_5915455c_1b 84 0 118 0 0 74696f6e 0 6c697a61 0 69746961 0 2d20496e 0 3c303e2d 0 2d2d 0 0 0 0 0 0 
_C_10c2_5915455c_f 84 0 118 0 0 56444429 0 616c6c28 0 3e526563 0 524f4d2d 0 536b6970 0 2d202d3e 0 31313e2d 0 2d2d3c 0 0 
_C_10c2_5915455c_3 8c 0 18 0 0 253073 
_C_10c2_5915455c_1c 84 0 118 0 0 72526567 0 292d3e57 0 28686974 0 68524f4d 0 4d617463 0 2d202d3e 0 3c313e2d 0 2d2d 0 0 
_C_10c2_5915455c_5 94 0 20 0 0 0 
_C_10c2_5915455c_e 8c 0 118 0 0 50504d29 0 6f707928 0 292d3e43 0 28686974 0 68524f4d 0 4d617463 0 2d202d3e 0 31303e2d 0 2d2d3c 
_C_10c2_5915455c_16 84 0 118 0 0 2d352d29 0 7265616b 0 65672862 0 3e526452 0 6b69702d 0 202d3e53 0 373e2d2d 0 2d2d3c31 0 0 
_C_10c2_5915455c_18 84 0 118 0 0 365b305d 0 2d352d29 0 6728626b 0 52645265 0 69702d3e 0 2d3e536b 0 3e2d2d20 0 2d3c3139 0 2d 
